1181723684 261
1181728150 262
1181844964 539
1181863095 542
1181907553 532
1181999551 754
1182007160 789
1182187278 995
1182189388 995
1182189477 995
1182197833 1181
1182198805 1185
1182205421 1187
1182245390 1187
1182257744 1192
1182280839 1230
1182295419 1232
1182325212 1233
1182334771 1234
1182423243 1235
1182531981 1235
1182596399 1242
1182622574 1244
1182623289 1244
1182714793 1244
1182715835 1243
1182768126 1245
1182769805 1295
1182815249 1328
1182817079 1295
1183148235 1296
1183196822 1297
1183199303 1380
1183199750 1380
1183199783 1380
1183216362 1383
1183275015 1383
1183278054 1384
1183280004 1384
1183280144 1446
1183286395 1461
1183292550 1467
1183311755 1512
1183333667 1559
1183368060 1561
1183387186 1562
1183387444 1607
1183391856 1608
1183453195 1608
1183454007 1611
1183454174 1611
1183454723 1613
1183455348 1617
1183456477 1617
1183466011 1617
1183470943 1618
1183473691 1746
1183489386 1749
1183524810 1908
1183558006 1910
1183558316 1910
1183558351 1910
1183558612 1913
1183563459 1913
1183577132 1915
1183583730 1917
1183842796 1914
1183844592 1915
1183847715 2013
1183851041 2023
1183923927 2025
1183985795 2028
1183987987 2028
1184683694 2028
1184711746 2012
1184787275 2013
1184799388 2013
1184960504 2015
1185177136 2018
1185212330 2017
1185227928 2035
1185228148 2035
1185228164 2035
1186071093 2076
1186149411 2076
1186250812 2079
1186648757 2079
1197469527 2079
1197475030 2079
1197506533 2080
1197508671 2080
1197509918 2080
1197509922 2080
1198106574 2080
1198116520 2080
1198358792 2230
1198430624 2230
1198430671 2230
1199381969 2230
1199382052 2242
1199574510 2244
1199661402 2244
1199897208 2197
1200002016 2048
1200008562 2048
1200008749 2050
1200038168 2050
1200041023 2051
1200048217 2051
1200079785 2051
1200081611 2051
1204023919 2051
1204029599 2051
1226133616 199
1226133767 309
1226134951 333
1226135198 292
1226156710 292
1226157658 292
1226158037 292
1226158305 293
1226158674 319
1226159120 322
1226159194 347
1226164424 347
1226164649 348
1226165336 370
1226166141 403
1226166368 428
1226167080 429
1226167610 429
1226167939 454
1226168103 478
1226168877 478
1226169065 479
1226169672 526
1226169890 557
1226169987 582
1226170177 611
1226170589 641
1226171141 667
1226171962 695
1226172034 695
1226172539 697
1226172938 732
1226173881 732
1226174075 761
1226174405 785
1226174454 809
1226174816 835
1226174995 861
1226175351 885
1226175930 918
1226176313 918
1226177097 948
1226177936 973
1226179354 998
1226180350 1033
1226189176 1058
1226189934 1089
1226192172 1089
1226192220 1121
1226193096 1150
1226193914 1179
1226194616 1207
1226195014 1232
1226196032 1259
1226198226 1300
1226199958 1300
1226201390 1339
1226203655 1339
1226203868 1339
1226204576 1341
1226205110 1341
1226233562 1341
1226233618 1341
1226233812 1335
1226234282 1335
1226240103 1337
1226290913 1338
1226291050 1340
1226291149 1340
1226295581 1341
1226304449 1342
1226306211 1368
1226308555 1398
1226311681 1395
1226311799 1418
1226313519 1418
1226313781 1418
1227842213 1418
1227843250 1418
1227868425 1418
1227875833 1418
1229128699 1418
1229128725 1418
1229128986 1418
1229133916 1418
1229141827 1420
1229141881 1420
1229184894 1422
1229297638 1424
1232583820 1424
1233380416 1453
1233381148 1493
1233383899 1501
1233387336 1501
1233390406 1502
1233390500 1502
1233392314 1504
1233393125 1504
1233393444 1504
1233421359 1505
1233615059 1507
1233616348 1509
1233621778 1509
1233622626 1590
1233622769 1591
1233625505 1591
1233694126 1593
1233790556 1594
1233791237 1594
1233827868 1595
1233855473 1596
1233979489 1595
1234168725 1606
1234168753 1607
1234171966 1607
1234631527 1607
1234641400 1636
1234642094 1636
1234643942 1662
1234644580 1688
1234644782 1688
1234645221 1717
1234645802 1752
1234646192 1752
1234651295 1752
1234651312 1751
1234652644 1798
1234794461 1799
1234794883 1800
1234839239 1806
1235744815 1865
1235757854 1894
1235762958 1894
1235769760 1915
1235788670 1916
1235790301 1958
1235796866 1957
1235820838 1957
1235826141 1991
1235826616 1991
1235830981 1981
1235833027 1982
1235833169 1982
1235839398 1983
1235849077 1983
1235854265 1984
1235857452 2167
1235870769 2198
1235914316 2224
1235919769 2265
1235920726 2268
1235921721 2268
1235970003 2268
1236262814 2271
1236262847 2326
1236262963 2326
1236268497 2326
1236268513 2326
1236272099 2326
1236282010 2327
1236282034 2327
1236282085 2327
1236282636 2328
1236283192 2328
1236314228 2661
1236347263 2660
1236355527 2670
1236358273 2672
1236359468 2673
1236378908 2673
1236412279 2673
1236412370 2674
1236419907 2676
1236459575 2695
1236460807 2707
1236461420 2707
1236515408 2709
1236519707 2710
1236529969 2728
1236534593 2752
1236534691 2757
1236536907 2756
1236542974 2756
1236543128 2756
1236683692 2757
1236706920 2757
1237767975 2757
1237768209 2757
1237768244 2757
1238836279 2757
1238923869 2763
1238925264 2763
1238932817 2840
1238936870 2842
1238938027 2843
1238938194 2873
1238940671 2873
1238948805 2873
1238948885 2873
1239017562 2881
1239017588 2881
1239017589 2881
1239031770 2881
1239558584 2890
1239786235 2917
1239786939 2917
1239787115 2917
1239865305 2915
1239875995 2936
1239889308 2940
1239903956 2940
1239913548 2940
1239913617 2966
1240224161 2991
1240224306 2991
1240224927 2995
1240232538 3025
1240233153 3025
1240260041 3026
1240311434 3026
1240327560 3027
1240387069 3028
1240387194 3032
1240388319 3033
1241478839 3033
1241479572 3060
1241507186 3060
1241514351 3060
1241521023 3062
1242574674 3064
1242923944 3097
1243892749 3097
1243909657 3121
1243978915 3119
1243980519 3136
1243982338 3145
1243983209 3150
1243986211 3205
1243986953 3205
1243987619 3205
1243989395 3211
1244021580 3214
1244022956 3214
1244033016 3351
1244033371 3351
1244034065 3354
1244036949 3369
1244040774 3402
1244041501 3403
1244301091 3409
1244369984 3410
1244378156 3453
1244378928 3457
1244382536 3481
1244553091 3481
1244574037 3497
1244574095 3497
1244574764 3497
1244574847 3498
1244578143 3512
1244581308 3513
1244581746 3513
1244621300 3517
1244624170 3517
1244627476 3519
1244627647 3520
1244628670 3520
1244629876 3520
1244629939 3520
1244630445 3520
1244630948 3521
1244637578 3523
1244664183 3524
1244701505 3524
1244708757 3528
1244710482 3528
1244710706 3533
1244714757 3538
1244843325 3558
1244845626 3558
1245182245 3595
1245182478 6193
1245183430 6197
1245184765 6197
1245247913 6197
1245249642 6200
1245379315 6200
1245379622 6200
1245379822 6200
1245379981 6200
1245380245 6200
1245380567 6200
1245382100 6216
1246987518 6216
1249903452 6204
1249904029 6204
1249977156 6210
1249977174 6210
1249979064 6226
1250827120 6229
1250830691 7825
1251795525 7836
1251796945 7841
1251815759 7866
1251830186 7866
1251830541 7866
1251831620 7868
1251833331 7868
1251845753 7868
1251846739 7870
1251850823 7873
1251852359 7874
1251854030 7874
1251876225 7874
1251877068 7879
1251878911 7876
1251881327 7876
1251882482 7898
1251882598 7898
1251882934 7900
1251883081 7899
1251884564 7911
1251893334 7911
1251904327 7911
1252279364 7911
1252633397 7921
1252633905 7921
1252633908 7921
1252634435 7937
1253328372 7950
1253441063 7951
1253447779 7952
1253447994 7952
1253450206 8030
1253458089 8030
1253929918 8034
1253930191 8034
1254597076 8376
1254602174 8376
1254602556 8376
1254603853 8376
1254604741 8377
1254606628 8377
1254607312 8410
1254608222 8404
1254608523 8404
1254608902 8404
1254614210 8404
1254616806 8414
1254619777 8412
1254621691 8455
1254686351 8456
1254686437 8456
1254732228 8451
1254739231 8430
1254824260 8443
1254830908 8444
1255035966 8445
1255044219 8445
1255096906 71728
1255099046 71728
1255099097 71776
1255099621 71776
1255101121 71776
1255101300 71773
1255101400 71779
1255114239 71779
1255138245 71783
1255139722 71783
1255140953 71788
1255170140 71788
1255176262 71789
1255177359 71790
1255179706 71790
1255181140 71791
1255182063 71792
1255207571 71810
1255217518 71810
1255724636 71805
1255724753 71838
1255733448 71838
1255940980 71840
1255941269 71839
1255989121 71839
1256124284 71846
1256381338 71846
1256381342 71846
1256381533 71862
1256648669 71867
1256650385 71758
1256651884 71761
1256657395 71762
1256660743 71765
1256662494 71794
1256663129 71795
1256665756 71795
1256670895 71881
1256681283 72078
1256683117 72079
1256695301 72085
1256696608 72086
1256699798 72190
1256733387 72191
1256733472 72204
1256737328 72202
1256738779 72207
1256740068 72202
1257716621 72300
1257726855 72300
1257729221 72357
1257729931 72357
1257730610 72415
1257732505 72471
1257734184 72471
1257735929 72524
1257737150 72575
1257739239 72576
1257759095 72576
1257759906 72576
1257807356 72575
1257810118 72576
1257814011 72583
1257855762 72583
1257858835 72584
1257876536 72585
1257985487 72599
1257987580 72649
1257989392 72648
1257990547 72704
1257992135 73015
1257994962 73015
1258000264 73016
1258032783 73084
1258116830 73085
1259747546 73085
1259753515 73094
1259753613 73094
1259753719 73091
1259754036 73091
1259754816 73090
1259755092 73090
1259755369 73091
1259755666 73031
1259757972 73031
1259759906 73031
1259760117 73032
1259765431 73032
1259768127 73032
1259771897 73031
1259772075 73032
1259772561 73032
1259836604 73249
1259897774 73811
1259923666 73811
1259961857 74144
1259962299 74231
1260097635 73321
1260101206 73321
1260124894 73333
1260125100 73333
1260127752 73336
1260230125 73336
1260230195 73348
1260539524 73374
1260539991 73348
1260540562 73348
1260541000 73354
1260569065 73354
1260578843 73374
1260666269 73443
1260708770 73374
1260709498 73375
1260710283 73375
1260713225 73375
1260713844 73379
1260870667 73443
1261284389 73490
1261284439 73490
1261284454 73490
1261284470 73490
1261312445 73493
1261320363 73494
1261323388 73493
1261323825 73494
1261323874 73494
1261333140 73506
1261561057 73506
1261823084 73508
1261824584 73508
1261834184 73517
1261834302 74154
1262097450 74154
1262374189 74154
1262607770 73708
1262607833 73708
1262900568 73708
1262994567 73709
1263277637 73709
1263277780 73709
1263301066 73712
1263677630 73712
1263677708 73720
1263679322 71790
1263681692 71790
1263812675 71818
1263929353 71818
1263941246 71817
1263943030 71818
1263944652 72304
1264035725 72303
1264116358 72304
1264121643 72304
1264121756 72304
1264121776 72304
1264121880 72304
1264123382 72304
1264123515 72304
1264125278 72317
1264128817 72341
1264174120 72341
1264201730 72475
1264204089 109627
1264274291 109627
1264280720 109627
1264281840 109629
1264361087 118045
1264517450 109974
1264526359 118045
1264544156 118062
1264546712 118063
1264546773 118063
1264546936 118064
1264547573 118057
1265037197 118093
1265302301 118093
1265316670 118099
1265317847 118121
1265321186 118124
1265321931 73003
1265322792 73004
1265324526 73005
1265328080 73009
1265333549 10196
1265335568 8414
1265340687 8417
1265341083 8417
1265342729 8419
1265343148 8419
1265375186 8419
1265378502 8434
1265383211 8434
1265392439 8435
1265525396 8435
1265533258 8421
1265535797 8450
1265536144 8450
1265539314 8450
1265539503 8450
1265539916 8455
1265542730 8455
1265542959 8455
1265547233 8459
1265550935 8461
1265556745 8464
1265556996 8467
1265557434 8467
1265559317 8457
1265584864 8458
1265584905 8458
1265584978 8475
1265587086 8475
1265629166 8475
1265637732 8474
1265641141 8474
1265650086 8473
1265674013 8477
1265711566 8476
1265803121 17380
1265876248 8476
1265928939 8487
1265986431 17386
1265990549 17386
1266004180 17386
1266070452 18017
1266150431 18017
1266157926 18018
1266170034 18018
1266170530 18018
1266172394 18049
1266173135 18050
1266173941 18051
1266173977 18080
1266174932 18080
1266177872 18078
1266178510 18107
1266179299 18107
1266181565 18107
1266198009 18119
1266228316 18179
1266245372 18119
1266245524 18175
1266256312 18180
1266266269 18301
1266277284 18216
1266277732 18252
1266279188 18252
1266279748 18252
1266280500 18252
1266280540 18282
1266286489 18286
1266286703 18308
1266288546 18302
1266288706 18303
1266289632 18310
1266289973 18310
1266315556 18310
1266319354 18385
1266351799 18386
1266352129 18386
1266353223 18388
1266353571 18388
1266353651 18388
1266550647 18390
1266594075 18390
1266606687 18390
1266637909 18390
1266638236 18447
1266664102 18390
1266668779 18409
1266668849 18409
1266678200 18422
1266705042 18431
1266705110 18431
1266747293 18433
1266756701 18449
1266757697 18446
1266757705 18446
1266758525 18462
1266758552 18434
1266774106 18433
1266785541 18634
1266929316 18639
1266930516 18649
1266938489 18652
1266939882 18652
1266940782 18670
1266940871 18678
1266941913 18678
1266943696 18679
1266964578 18680
1267012025 18708
1267015929 18721
1267016141 18750
1267019675 18866
1267020098 18897
1267029731 18912
1267029752 18954
1267199761 18955
1267274467 18955
1267281184 18955
1267400703 18982
1267881307 19004
1268384439 19226
1268665816 19005
1269476787 19020
1269739193 19021
1269742544 19161
1269742570 19161
1269818047 19400
1270718559 19162
1270718931 19226
1270719918 19229
1270720081 19300
1270866396 19401
1270866583 19401
1270868647 19430
1270868905 19431
1270869157 19431
1270869514 19431
1270873721 19461
1270874313 19461
1270880216 19492
1270880843 19627
1270994999 19721
1270996671 19721
1271000011 19781
1271010197 19798
1271018462 19817
1271031936 19629
1271086324 19813
1271086935 21083
1271108653 21083
1271122408 23449
1271150068 23448
1271150666 27825
1271185681 27828
1271208653 27829
1271209834 27829
1271210174 27830
1271259236 27830
1271273219 30174
1271288514 30136
1271288530 30166
1271289396 30195
1271291035 30227
1271291205 30227
1271292778 30227
1271376678 30212
1271377649 30209
1271628744 30201
1271628897 30201
1271670731 30201
1271706291 30182
1271706671 30216
1271706863 30216
1271708633 30182
1271710228 30182
1271767006 30201
1271767388 30296
1271778581 30229
1271792874 30228
1271802333 30229
1271803548 30182
1271804251 30182
1271804590 30182
1271805184 30182
1271805303 30182
1271836724 30185
1271839448 30185
1271841178 30186
1271850053 30214
1271850164 30245
1271891376 30247
1272061668 30413
1272141021 30297
1272141104 30297
1272194430 30284
1272194529 30413
1272194564 30435
1272221201 30288
1272227799 30289
1272232529 30296
1272233582 30300
1272287234 30293
1272287374 30291
1272295824 30292
1272298556 30397
1272358205 30399
1272361567 30397
1272363668 30401
1272364420 30426
1272383481 30426
1272386333 30443
1272407046 30468
1272441095 30468
1272488454 30440
1272719929 30470
1272720680 30447
1272729013 30440
1272729502 30438
1272730840 30440
1272762883 30439
1272763519 30442
1272764424 30443
1272809152 30443
1272811739 30444
1272812558 30445
1272813835 30446
1272814197 30447
1272815917 30446
1272815959 30447
1272880519 30451
1272881573 30440
1272895750 30440
1272896739 30440
1272897974 30440
1272898280 30441
1273424416 30474
1273424765 30471
1273439782 30493
1273440061 30493
1273489426 30496
1273519970 30573
1273535695 30556
1273619755 29906
1273621708 29906
1273622028 29909
1273622335 29910
1273669740 30586
1273670472 30587
1273670692 30603
1273684958 30631
1273685144 30632
1273764778 29911
1273766135 29912
1273780314 29912
1273780370 29912
1273788410 29956
1273789309 30038
1273791584 30061
1273823290 30061
1273827205 30129
1273829781 30212
1273829812 30218
1273829831 30223
1273859599 30223
1273859986 30223
1273866450 30232
1273926270 30251
1273949127 30270
1274017122 30231
1274019885 30256
1274020187 30257
1274020317 30232
1274022247 30248
1274022901 30251
1274025977 30314
1274032438 30274
1274032979 30274
1274293905 30277
1274295576 30279
1274301349 30306
1274305839 30308
1274307386 30458
1274313031 30469
1274354465 30457
1274385964 30457
1274387496 30475
1274387929 30472
1274390613 30496
1274405623 30496
1274405851 30496
1274426805 31816
1274427690 31851
1274439827 31822
1274527549 32131
1274689754 32131
1274691688 32852
1274736507 31839
1274834039 31840
1274835096 32856
1274865859 32856
1274944118 32868
1274944483 32870
1275290220 32880
1275290504 32881
1275297172 32870
1275297180 32870
1275298310 32886
1275303858 33018
1275304516 33018
1275304844 33049
1275306403 33080
1275306598 33110
1275307789 33109
1275310514 33110
1275310697 33078
1275315985 33109
1275316655 33108
1275348521 33108
1275379884 33109
1275595563 33041
1275680118 33074
1275680340 33016
1275681592 33016
1275682535 33016
1275683154 33017
1275683304 33017
1275685541 33017
1275685767 33024
1275685901 33024
1275686111 33024
1275730114 33074
1275736708 33109
1275736978 33180
1275766283 33196
1275776244 33182
1275777262 33199
1275777359 33199
1275777997 33200
1275778427 33196
1275778586 33241
1275809459 33196
1275809701 33254
1275810560 33232
1275827077 33241
1275846517 33275
1276463749 33338
1276603336 33274
1276604460 33292
1276604492 33297
1276604677 33292
1276604688 33312
1276608682 33314
1276619812 33338
1276632769 33338
1276633732 33341
1276679828 33341
1276682734 33341
1276708374 33342
1276708377 33342
1276710495 33358
1276813483 33328
1276959136 33358
1276973312 33358
1276974061 33340
1277505445 33519
1278849915 33357
1278850212 33357
1279020495 33357
1279279417 33359
1279282054 33360
1279285815 33377
1279291194 33405
1279291462 33405
1279291895 33406
1279293403 33434
1279294532 33434
1279295042 33434
1279296292 33464
1279297310 33475
1279297995 33513
1279544370 33513
1280314274 33514
1282071316 191678
1282248986 38004
1282855504 33488
1283074818 33519
1283126317 191720
1283156395 191720
1283160685 191720
1283166565 191730
1283176597 191753
1283217588 191753
1283217613 191753
1283238361 191760
1283346679 192026
1283425810 192030
1283524986 192030
1283525519 192030
1283532534 192043
1283534352 192043
1283535966 192043
1283713005 192043
1283811521 192071
1283845824 192117
1283890732 192375
1283891173 192376
1284060272 192376
1284060641 192376
1284063941 192376
1284065352 192428
1284111224 192428
1284207600 192428
1284213336 192428
1284231794 192427
1284288252 192426
1284300803 192442
1284301093 192444
1284313473 192444
1284371272 192445
1284372597 192445
1284392290 192463
1284402387 192600
1284410100 192600
1284444462 192600
1284447597 192852
1284474265 192852
1284533126 193035
1284621563 193035
1284623860 193206
1284637227 193765
1284641821 193843
1284661489 193843
1284667470 200626
1284668738 200626
1284670399 200719
1284704930 200719
1284705201 200719
1284706836 200719
1284723294 200719
1284837338 200723
1284838542 200912
1284838669 200917
1284884822 200914
1284887689 200919
1284887719 200920
1284941467 200919
1284941483 200965
1284976800 201228
1284979387 201228
1284980264 201228
1284984283 204741
1284984668 204742
1284985200 204740
1284985487 204738
1284986377 204747
1285062393 201231
1285067060 201234
1285075908 201823
1285093222 201823
1285118676 201823
1285119626 201823
1285143216 201806
1285143540 201991
1285144343 201991
1285202930 201990
1285204840 201975
1285204895 201975
1285229705 201998
1285229877 201998
1285240317 202018
1285242725 202018
1285270339 202018
1285338796 202385
1285360215 202386
1285365255 202441
1285366234 202460
1285428904 202460
1285430693 202461
1285489120 202461
1285506179 202465
1285511928 202467
1285512702 202468
1285513976 202473
1285514724 202468
1285574492 202675
1285577375 202675
1285584469 202717
1285594929 202720
1285753407 202722
1285753457 203286
1285764402 203286
1285771504 203221
1285774423 203221
1285782153 203299
1285784358 203307
1285786408 203345
1285795392 203455
1285821028 203454
1285828957 203454
1285833522 203454
1285841380 203485
1285842384 203494
1285842650 203496
1285842760 203497
1285843100 203527
1285843180 203527
1285844328 203528
1285862168 203611
1285862588 203649
1285862897 203649
1285927307 203723
1285929543 203762
1285930679 203899
1285937702 203968
1285951867 203996
1285956825 204076
1285999428 204262
1286009341 204310
1286018056 204332
1286019868 204344
1286020147 204377
1286021002 204377
1286022302 204397
1286024989 204417
1286025929 204417
1286028237 204421
1286042249 204410
1286042825 204410
1286050271 204457
1286050738 204468
1286099139 204825
1286104843 204825
1286104956 204825
1286105089 204824
1286105794 204829
1286105872 204829
1286111105 204847
1286136977 204850
1286137097 204850
1286137132 204869
1286138605 204869
1286141719 204869
1286155387 204865
1286156666 204868
1286173959 204868
1286196706 204872
1286197561 204872
1286204636 204873
1286240840 204873
1286252601 204874
1286261803 204876
1286269410 204879
1286269676 205292
1286271037 205292
1286271860 205293
1286275931 205294
1286275948 205303
1286281339 205302
1286284740 205301
1286285225 205300
1286289599 205299
1286290697 205318
1286296987 205318
1286312301 205320
1286314230 205320
1286347660 205321
1286424357 205344
1286519297 205344
1286619286 205344
1286705308 205348
1286705343 205373
1286711195 205396
1286712472 205395
1286714195 205416
1286714615 205416
1286815560 205511
1286902625 205620
1286902685 205766
1286906108 205767
1286906407 205781
1286911113 205784
1286920471 206328
1287130793 206333
1287139558 206333
1287139655 206334
1287151557 206407
1287336744 206406
1287412178 206499
1287513230 206612
1287573150 206634
1287587565 206635
1287699127 206643
1287782231 206643
1287782323 206644
1287783165 206645
1287785056 206704
1287789659 206705
1287794199 206849
1287818856 206849
1287818887 206849
1287839088 206852
1287868388 206854
1288021183 206859
1288044940 206864
1288046950 206873
1288105538 207068
1288174246 206873
1288174255 206873
1288174559 206894
1288177323 206942
1288178469 207068
1288178741 207068
1288179528 207066
1288179692 207066
1288185568 207067
1288185658 207067
1288378417 207336
1289126962 207336
1289156020 207336
1289161137 207336
1289331716 205630
1289331914 206230
1289391462 206262
1289391721 206262
1289394186 206262
1289909769 206319
1289916463 206391
1289916550 206393
1289916592 206393
1289924228 206394
1289930030 206400
1289930618 206487
1289930750 206491
1289930773 206516
1289931010 206625
1289931040 206625
1289931213 206645
1289933624 206634
1289945590 188368
1289951300 188343
1289951567 188321
1289959157 188321
1289960054 188321
1289961148 188321
1289961385 188321
1289962570 188321
1290000770 188488
1290001109 188488
1290001221 188488
1290003707 188484
1290005751 188378
1290049110 188379
1290049231 188377
1290078026 188400
1290163034 188400
1290163049 188410
1290163075 188514
1290163655 188517
1290201505 188594
1290243154 188594
1290280658 188589
1290281517 188589
1290281635 188545
1290373593 188545
1290413097 188598
1290584313 188600
1290584461 188601
1290595451 188602
1290718635 188772
1290776344 188820
1290776495 188820
1290776742 188821
1290777180 188821
1290783052 188827
1290784283 189220
1290786532 189249
1290786792 189249
1290796187 189446
1290796967 189447
1290796988 189446
1290809483 189481
1290809768 189481
1290810172 189481
1290812862 189479
1290813377 189479
1290814012 189479
1290814383 189505
1290846768 190563
1290885265 190601
1290972043 190537
1290979715 190571
1290979796 190621
1290982081 190621
1290989743 190637
1290989785 190665
1290991936 190665
1291071696 190665
1291071820 190665
1291129779 190715
1291170853 190714
1291170936 190714
1291171461 190714
1291317089 190666
1291317718 190667
1291318298 190666
1291318305 190659
1291318440 190659
1291323006 190659
1291323397 190659
1291331635 190659
1291332429 190659
1291393979 190662
1291547296 190659
1291547641 190738
1291559462 190758
1291560061 190761
1291570622 190785
1291662492 190786
1291713363 190785
1291714013 190785
1291714038 190786
1291718634 190806
1291766087 190806
1291768540 190777
1291768580 190777
1291797137 190932
1291806213 184151
1291820183 184131
1291975901 190797
1291977254 190799
1292026260 184483
1292055109 190799
1292103379 190799
1292103381 190799
1292103761 190815
1292104257 190932
1292104319 190932
1292105987 184482
1292112973 184482
1292120798 184481
1292123199 184476
1292159015 184477
1292170689 184477
1292247692 184490
1292247724 184490
1292279701 184719
1292405351 184719
1292490700 184733
1292578856 184904
1292624398 184933
1292662584 184933
1292667889 184934
1292754519 184935
1293026722 185169
1293067903 185169
1293067985 185169
1293068544 185169
1293098119 185162
1293906054 188513
1294023816 188545
1294032854 188561
1294033020 188561
1294088894 188618
1294100171 188744
1294100236 188745
1294100525 188745
1294101726 188745
1294102123 188745
1294234215 188756
1294265420 188757
1294265772 188756
1294307384 188760
1294349460 189325
1294397956 189585
1294405684 189585
1294477906 189758
1294826021 189898
1294876995 189898
1294917001 189898
1295087426 190042
1295128038 190042
1295184329 190042
1295223627 190003
1295253488 190003
1295254521 190003
1295306643 190423
1295430713 190423
1295605578 190423
1295606269 190424
1295606314 190424
1295686507 190424
1295731813 190351
1295732052 190424
1295735332 190326
1295735501 190345
1295736733 190326
1295812651 190309
1295881482 190355
1295911473 190407
1295953954 190479
1296226903 190503
1296551276 190503
1296556205 190503
1296556224 190503
1296996600 190505
1297082122 191026
1297082421 191026
1297082636 191026
1297085602 191050
1297086319 191050
1297246002 191050
1297435715 191159
1297450365 191362
1297488817 191362
1297561691 191362
1297675593 191362
1297699813 200914
1297931190 200954
1298031288 200956
1298031595 201987
1298031851 201987
1298032131 201987
1298032327 201987
1298032524 201987
1298033486 201944
1298037056 201944
1298111521 201944
1298280041 201944
1298315821 201944
1298316680 201951
1298319491 201951
1298466278 201951
1298632044 201951
1298632623 201951
1298639204 201951
1298922345 201951
1298981357 201927
1298986355 201784
1298988117 201784
1298990446 201769
1298991010 202082
1298993703 202082
1299041979 202098
1299093279 202099
1299100037 202166
1299100272 202166
1299162340 202193
1299162533 202277
1299166707 202278
1299167385 202278
1299167895 202276
1299169546 202276
1299169632 202276
1299181317 202317
1299182408 202353
1299183333 202413
1299185415 202515
1299190298 202550
1299228272 202578
1299232190 204564
1299250543 204664
1299275104 204670
1299328837 204680
1299392430 204754
1299392500 204757
1299404414 204756
1299406728 204740
1299437396 204743
1299680456 204743
1299680552 204735
1299680710 204739
1299708343 204739
1299711467 204739
1299924508 204739
1300012773 204739
1300013126 204739
1300014706 204738
1300015026 204738
1300017169 204738
1300017519 204740
1300017640 204740
1300040472 204740
1300044056 204740
1300046704 204740
1300052991 204764
1300058465 204662
1300058850 204660
1300089037 205210
1300091918 204666
1300184564 205416
1300201548 205439
1300261725 205439
1300262229 205439
1300272960 204692
1300279666 204692
1300298700 205402
1300298828 205402
1300301621 205403
1300321302 205419
1300321372 205426
1300322288 205426
1300323250 205426
1300325033 205440
1300350644 205495
1300402059 205495
1300406943 205504
1300560366 205504
1300560988 205514
1300561213 205516
1300561273 205516
1301261547 205519
1301261776 207990
1301264033 208060
1301267256 208086
1301309259 208047
1301405770 208047
1301497034 208235
1301514966 208286
1301596797 208286
1301597227 208336
1301735817 208276
1301860708 208323
1301860820 208329
1301860900 208329
1301860949 208334
1301861045 208334
1301861205 208334
1301899459 208333
1301925956 208333
1301952427 208446
1301962076 208466
1301987540 208466
1301987606 208466
1302095447 208465
1302385409 208465
1302393106 29786
1302535809 29786
1302591316 29786
1302591869 29718
1302614369 29718
1302724938 29718
1302763889 29718
1303039672 29718
1303075007 29718
1303109256 29718
1303112703 29400
1303114974 29422
1303197749 29422
1303381185 29422
1303472698 29422
1303474355 29423
1303481602 29423
1303481939 29423
1303482065 29424
1303482938 29422
1303484163 29422
1303488041 29422
1303499764 29422
1303500110 29454
1303563018 29456
1303563135 29456
1303563453 29455
1303563608 29456
1303566617 29457
1303566633 29458
1303567176 29458
1303569948 29459
1303571917 29459
1303575309 29460
1303575796 29461
1303579489 29461
1303580848 29461
1303580856 29478
1303597113 29478
1303652779 29377
1303676570 29378
1303677986 28994
1303679046 28994
1303684634 28994
1303759440 29362
1303802044 29362
1303888486 29362
1303913514 29401
1303913697 29428
1303915976 29428
1303916906 29428
1303974093 29429
1303980495 29429
1303980704 29429
1303982890 29427
1304061201 29427
1304078400 29427
1304170340 29429
1304261246 29458
1304261358 29459
1304261566 29552
1304264657 29527
1304873106 29527
1304879722 29513
1304879876 29499
1304880565 29498
1304929314 29498
1305018928 29502
1305026852 29501
1305027938 29501
1305029120 29470
1305200900 29470
1305367310 29470
1305389012 29470
1305446801 29470
1305486002 29470
1305633084 29474
1305634094 29478
1305634253 29478
1305634445 29478
1305678614 29478
1305680427 29478
1305683374 29480
1305718279 28840
1305719037 28888
1305719984 28891
1305720224 28891
1305721796 28895
1305722424 28899
1305851993 28902
1305852198 28905
1305852233 28905
1305875111 28908
1305890702 28908
1305935176 28948
1305935339 28948
1306060920 28949
1306069011 28949
1306240421 28967
1306240693 28993
1306242498 28993
1306319755 28993
1306320417 28993
1306320491 28993
1306320504 28991
1306497085 28994
1306501021 28991
1306504372 28993
1306529849 28994
1307038411 28993
1307040348 28994
1307483178 28994
1307483183 28994
1307485763 28994
1307487810 28997
1309388879 28999
1316010098 29001
1316010321 29007
1316011803 29007
1319296555 29008
1321371046 29008
1321371152 29009
1325499260 29063
1325499334 29066
1325499389 29069
1325500115 29069
1331113066 29069
1331115072 29069
1331131457 29069
1332944812 29078
1332945154 29081
1333098144 29081
1333454749 111471
1333454905 111471
1333457940 111456
1333608738 111424
1333894439 111424
1334244192 111417
1334244231 111417
1334347442 111418
1334347779 111413
1334349972 111437
1334481430 111424
1334486249 111494
1334492025 111502
1334507865 111539
1334507935 111538
1334507975 111538
1334508325 111541
1334511631 111538
1334579179 111539
1334583506 111537
1334585683 111625
1334585948 111626
1334593301 111626
1334593661 111625
1334657717 111625
1334841261 111658
1334875572 111661
1334902901 111661
1334903089 111661
1334930751 111662
1334946825 111662
1334946862 111977
1335017696 111977
1335017803 111977
1335019619 111977
1335035440 112290
1335043563 112295
1335077466 112295
1335105366 112333
1335126570 112333
1335127959 112035
1335128163 112035
1335174831 112038
1335182387 112091
1335399922 126020
1335399936 126021
1335399945 126022
1335473832 112060
1335474370 112091
1335475452 111997
1335529807 111997
1335543376 112060
1335782232 112060
1335782277 112060
1335783376 112060
1335875777 112060
1335875809 112060
1335889885 112076
1335942414 112338
1335951388 112335
1335952791 112603
1335957229 112394
1335958619 112394
1335965527 112512
1335966196 112512
1335975556 112512
1335979003 112532
1335979120 112535
1335979684 112535
1335992815 112535
1335996156 112535
1336039087 112554
1336043336 112700
1336060507 112703
1336063432 112705
1336078639 112718
1336079894 112718
1336230626 112718
1336231054 112719
1336231507 112720
1336231936 112466
1336244631 112466
1336296193 112466
1336309089 112466
1336333654 112469
1336333744 112470
1336374271 112470
1336374300 112471
1336412430 126038
1336412492 126043
1336412678 126050
1336412703 126059
1336413330 126070
1336413341 126075
1336413352 126080
1336413366 126083
1336487779 112471
1336489656 112578
1336490165 112578
1336621284 128868
1336634093 112472
1336730934 112472
1336979068 112473
1337021037 112474
1337021160 112474
1337067598 112475
1337083251 112501
1337083421 112591
1337085002 112575
1337113734 112575
1337157815 112579
1337286025 112579
1337414241 112612
1337548394 112553
1337549296 112585
1337550279 112608
1337594824 112609
1337687969 112530
1337689746 112530
1337691034 112530
1337717321 120960
1337721406 112529
1337773603 112529
1337885903 112524
1337891305 112578
1337899089 112578
1337953757 112578
1337954949 126084
1337957280 120964
1337957298 126020
1337973294 112633
1337973488 112636
1337980939 112637
1337982304 112678
1337982541 112697
1337983588 112759
1338149534 112636
1338149579 112759
1338157992 112667
1338159623 112718
1338281379 112718
1338825327 126044
1338825416 126073
1338825576 126023
1338825731 126380
1338825744 126429
1338842031 112724
1338842377 112724
1338910132 112724
1338972431 112781
1339148984 112781
1339273093 112781
1339320410 120927
1339409727 120927
1339412674 120989
1339414172 120927
1339436461 120967
1339513650 120994
1339529002 120994
1339529535 120995
1339529739 120994
1339535266 120934
1339537069 120994
1339588683 126019
1339588693 126021
1339607474 126084
1339656583 126083
1339665195 126128
1339674704 126128
1339674926 126126
1339679491 126126
1339687504 126043
1339759943 126044
1339767297 126378
1339767318 126380
1339767713 126429
1339768238 126045
1339768443 126423
1339768609 126424
1339768671 126423
1339768905 126373
1339771024 126373
1339849367 126374
1339861425 126373
1339868111 126373
1339868884 126397
1339872147 126398
1339956271 126494
1339956479 126494
1339965682 126494
1339965840 126494
1340020230 126582
1340031450 127201
1340049930 127268
1340049959 127270
1340051006 127270
1340306553 127271
1340311630 127242
1340438270 127242
1340541692 127242
1340660635 127242
1340702798 127242
1340828964 127242
1340914253 127221
1341166756 127224
1341168861 127224
1341181331 127224
1341385257 127224
1341385299 127261
1341391801 127438
1341482530 127215
1341482673 127438
1341780385 127439
1341790237 127439
1341832936 127434
1342018574 127435
1342031968 127156
1342034716 127120
1342511431 127071
1342513392 127151
1342563498 127151
1342563862 127185
1342566306 127208
1342566464 127219
1342567679 127215
1342595386 127215
1342639696 127215
1343294178 127356
1343297185 127356
1343297430 127356
1344012627 127443
1344723344 127443
1344723920 127443
1344761191 127364
1344761726 127364
1344766602 127364
1344768442 127396
1344777523 127380
1344777636 127408
1344845730 127405
1344848764 127405
1345107433 127405
1345205408 127400
1345207062 127400
1345207230 127400
1345236605 127400
1345284048 127401
1345454399 127401
1345462043 127424
1345543519 127426
1345887138 127424
1345903883 127427
1345905628 127424
1346319272 127371
1346540813 127390
1346578217 128200
1346610706 128200
1346742887 128200
1346742993 128200
1346763949 128200
1346837919 128206
1346966201 128206
1347322677 128206
1347323425 128206
1347612573 128206
1347647091 128474
1347780020 128474
1347781768 128476
1347783967 128476
1347786191 128476
1347788629 128481
1347876335 128482
1347876410 128483
1347876468 128484
1347876527 128685
1347877752 128696
1347881476 128697
1347901503 128701
1347901678 128684
1347957099 128673
1347962402 128673
1347999072 128726
1347999200 128828
1347999320 128845
1348000662 128845
1348002033 128894
1348002415 128899
1348002513 128899
1348002752 128898
1348002783 128899
1348003164 129821
1348004632 129048
1348004656 128899
1348006801 128899
1348040166 128899
1348079397 128936
1348129812 129014
1348130586 129014
1348138102 128950
1348139423 129117
1348151100 129117
1348153273 129118
1348164201 129118
1348165064 129118
1348166607 129099
1348315989 129107
1348316005 129123
1348360474 129123
1348426196 129038
1348436216 129041
1348485811 129041
1348565922 129041
1348643412 129040
1348667813 129040
1348738484 128894
1348786274 128894
1348818125 128894
1348906202 128894
1349301107 128894
1349354855 129069
1349354889 129218
1349354907 130009
1349383961 128894
1349700185 128894
1349728484 128894
1349734346 128894
1349908276 128863
1349908291 128864
1349943865 128898
1349954837 128896
1349965764 128894
1349966079 128894
1349967567 128893
1349969113 128893
1349969135 128893
1349969551 128893
1349969601 128893
1349970579 128893
1349970660 128893
1349982048 128662
1349982081 128662
1350035413 128668
1350035452 128668
1350035814 128668
1350036840 128627
1350036865 128615
1350037761 128631
1350037946 128631
1350066209 128631
1350164581 128631
1350232573 128631
1350296266 128598
1350351069 128598
1350396957 128770
1350467750 128770
1350625599 128770
1350912167 128770
1350935687 128770
1351244620 128770
1351371994 128761
1351623115 128731
1351636005 130009
1351768798 130009
1351796533 130009
1351856430 130009
1352084855 130009
1352084876 130009
1352146879 130009
1352236425 129946
1352289337 129946
1352544640 129946
1352753760 119458
1352753875 119623
1352758043 119655
1352758100 119655
1352812420 119632
1352825645 119632
1352842332 119632
1352886833 119632
1353008140 119632
1353063009 119633
1353063801 122530
1353187170 122530
1353238644 122530
1353328138 122530
1353370057 122530
1353403876 122530
1353488917 122530
1353488945 122530
1353491460 122531
1353491496 122530
1353657328 122564
1353795118 122564
1353880221 122563
1354014847 122521
1354117931 122494
1354131866 122494
1354195484 122494
1354219821 122022
1354268811 122022
1354360978 122022
1354361007 122022
1354361053 122022
1354487360 122022
1354557859 123014
1354558057 124202
1354691934 122022
1354693652 123015
1354693964 123015
1354699338 124206
1354707926 123016
1354708413 125375
1354711307 124167
1354712624 124167
1354713958 124171
1354714374 124175
1354715572 124203
1354725525 124206
1354796484 124205
1354802589 124206
1354802678 124206
1354803015 124206
1354803177 124206
1354874102 124205
1354878148 124212
1354956773 124655
1354959598 124658
1354969351 124658
1354969430 124658
1354969574 124658
1354969743 124658
1355031202 124686
1355031332 124686
1355031561 124687
1355032247 124684
1355054417 124672
1355054432 124672
1355058974 124672
1355066391 124673
1355088857 124673
1355130788 124673
1355213182 124673
1355225517 124672
1355277377 124672
1355284843 124672
1355296484 124672
1355300569 124672
1355302498 124672
1355303863 124673
1355307081 124675
1355307247 124675
1355307369 124675
1355308283 124672
1355309869 124672
1355310746 124676
1355311874 124676
1355312727 124676
1355312858 124676
1355313248 124677
1355313851 124677
1355314110 124677
1355314430 124676
1355314653 124676
1355317361 124667
1355320516 124667
1355352221 124667
1355429721 124667
1355429792 124527
1355430237 124527
1355430378 124529
1355430484 124669
1355474167 139753
1355474266 139782
1355475218 139782
1355475296 139783
1355475509 139785
1355475571 139783
1355475658 139783
1355476068 139782
1355477995 139782
1355478166 139790
1355480109 139751
1355482079 139847
1355482114 139871
1355482152 139895
1355482529 139910
1355545368 139910
1355550991 139911
1355552040 139911
1355555518 139914
1355565419 139914
1355630819 139915
1355632416 140085
1355751193 140098
1355751293 140148
1355751312 140148
1355827185 140146
1355867264 140146
1355921895 140146
1355929284 140146
1355945965 140144
1355986826 140144
1355994405 140144
1356046255 140665
1356072719 140665
1356072794 140666
1356073300 140666
1356073402 140840
1356073448 140841
1356073794 140841
1356075019 140841
1356075128 140871
1356244641 140872
1356244676 140869
1356249413 140870
1356357453 140923
1356460807 140923
1356579963 140943
1356639992 140891
1356693422 140897
1356693535 140891
1356866418 140897
1356880000 140896
1356943325 140896
1357208031 140892
1357211154 140892
1357231006 140892
1357359130 140903
1357373073 140903
1357388867 140903
1357391835 140903
1357391943 140903
1357474229 140944
1357477763 140948
1357479284 140949
1357500627 140949
1357567818 140949
1357610790 140949
1357632077 140950
1357632761 140950
1357635762 140981
1357636152 140982
1357637408 140983
1357640050 140983
1357645031 140986
1357646427 140987
1357748690 140987
1357769454 140987
1357829801 140987
1357829832 140987
1357830758 140987
1357939883 141246
1358050789 141276
1358082740 141276
1358303644 141094
1358408801 141094
1358408817 141094
1358589539 141094
1358630927 141095
1358849980 141104
1358934670 141104
1358935038 141104
1359152246 141116
1359198180 141117
1359198856 141491
1359198923 141465
1359293122 141228
1359320510 141638
1359417311 141231
1359507277 141231
1359531479 141231
1359565364 141493
1359573249 141261
1359640546 141100
1359650083 141128
1359652479 141128
1359704418 141128
1359721505 141100
1359721530 141422
1359729142 141210
1359790238 141251
1359804697 141251
1359953893 141251
1359991389 141253
1359991909 141253
1360015601 141253
1360105629 141253
1360105655 141253
1360105718 141253
1360120930 141338
1360121166 141378
1360121372 141383
1360121526 141392
1360123714 141391
1360124326 141443
1360131928 141507
1360132128 141508
1360133114 141508
1360136343 141512
1360137423 141509
1360137476 141532
1360140154 141538
1360153223 141538
1360197637 141538
1360231764 141538
1360382998 141638
1360383620 141640
1360394797 141675
1360468941 141676
1360469012 141677
1360470298 141677
1360482835 141678
1360485035 141707
1360485203 141713
1360499658 141752
1360500475 141706
1360501824 141706
1360585534 141706
1360626072 141706
1360659449 141706
1360659468 141706
1360734917 141709
1360741568 141741
1360741655 141742
1360750580 141742
1360765049 141733
1360768208 141733
1360809577 141744
1360823358 141755
1360837714 141755
1360839281 141755
1360840116 141755
1360840936 141747
1360842014 141748
1360845669 141748
1360877272 141749
1360918851 141748
1360978704 141743
1361444741 141743
1361444866 141755
1361444906 141755
1361445165 141755
1361713643 141755
1361713698 141736
1361713741 141736
1361718180 141783
1361744529 141783
1361820646 141783
1361837860 141783
1361837891 141783
1361882853 141780
1361925075 141780
1361925980 141784
1362008595 141784
1362043219 141782
1362132573 141608
1362132612 141608
1362305605 141609
1362305638 141609
1362320016 141623
1362326593 141620
1362385674 141691
1362385840 141691
1362386537 141699
1362388521 158155
1362430217 141760
1362445405 141760
1362478147 141760
1362581075 141732
1362581585 141732
1362611349 141786
1362613323 141810
1362793204 141810
1362900607 141810
1362908781 141836
1363000105 141856
1363007337 141856
1363012390 141854
1363017542 141793
1363021040 141793
1363021341 141793
1363023851 141802
1363031536 141779
1363042857 141779
1363076284 141943
1363087557 141943
1363094494 141944
1363094682 141944
1363275093 141944
1363438723 141944
1363579982 142176
1363636068 142176
1363636086 142176
1363751729 142177
1363765534 142479
1363788935 142485
1364021946 142485
1364024377 142492
1364024976 142518
1364025826 142536
1364027546 142538
1364036064 142540
1364037115 142543
1364037518 142545
1364037620 142495
1364038102 142497
1364038486 142499
1364038662 142501
1364038859 142501
1364039209 142500
1364050175 142500
1364055207 142530
1364055387 142556
1364056065 142560
1364061616 142655
1364061836 142669
1364065485 142706
1364067227 142806
1364068426 142810
1364068716 142823
1364070465 142823
1364094509 143037
1364095641 143041
1364119470 143041
1364120509 143041
1364122570 143007
1364179251 143007
1364179268 143007
1364181893 143007
1364188628 143007
1364190959 143051
1364197908 143054
1364200680 143055
1364234231 143055
1364234305 143055
1364234331 143055
1364248803 143007
1364280723 143007
1364291647 143007
1364298850 143008
1364299806 143010
1364307656 143011
1364309145 143012
1364412379 143012
1364415166 142290
1364421744 142365
1364472665 142364
1364527109 142364
1364531190 142364
1364531311 142387
1364531404 142409
1364533305 142409
1364535534 142409
1364536034 142409
1364549431 142409
1364549566 142409
1364549897 142409
1364550480 142420
1364550886 142420
1364625140 142444
1364625189 142449
1364626846 142449
1364627332 142451
1364627938 142451
1364628915 142451
1364684003 142451
1364721994 142453
1364930954 142449
1364933335 142449
1365012073 142449
1365165598 142449
1365318914 142450
1365601307 142415
1365628788 142415
1365659273 142393
1365663707 142387
1365700858 142387
1365822026 142387
1365832879 142402
1365832963 142402
1365838746 142402
1365839117 142402
1365840758 142402
1365891806 142402
1365899447 142402
1365927804 142402
1366112695 142402
1366315364 142402
1366315747 142402
1366357561 142402
1366432632 142402
1366432758 142366
1366433314 142366
1366433447 142366
1366433509 142366
1366433538 142366
1366435190 142366
1366435222 142366
1366440610 142366
1366440679 142366
1366529795 142366
1366618406 142366
1366620931 142366
1366620980 142366
1366621013 142366
1366621053 142366
1366621070 142366
1366621085 142366
1366621265 142366
1366621302 142366
1366621499 142366
1366778996 142366
1366780374 142388
1366830495 142588
1366863913 142599
1366864168 142602
1366865811 142602
1366868726 142603
1366874719 142621
1366877964 142648
1366878426 142646
1366880690 142668
1366922153 142635
1366982084 142603
1367010329 142586
1367047648 142586
1367050691 142586
1367050942 142586
1367063091 142586
1367067677 142586
1367081997 142588
1367082616 142589
1367082973 142590
1367122567 142597
1367126507 142597
1367127697 142597
1367128101 142597
1367128335 142597
1367160682 142689
1367169257 142641
1367231059 142678
1367566992 143154
1367745966 143158
1367747866 143158
1367747972 143158
1367840340 143158
1367849718 143194
1368212726 143194
1368254506 143196
1368257106 143196
1368258276 143245
1368258420 143245
1368327479 143245
1368329363 143277
1368340551 143432
1368350101 143525
1368358744 143525
1368359091 143525
1368359392 143525
1368360454 143526
1368360521 143526
1368362152 143527
1368370973 143528
1368379177 143529
1368434304 143497
1368446603 143497
1368605777 143497
1368605842 143497
1368605865 143474
1368605883 143497
1368608761 143498
1368632261 143498
1368789374 143498
1368874676 143535
1368875885 143536
1368878577 143341
1368879475 143540
1368887140 143544
1368891187 143416
1368893748 143541
1368900792 143542
1368900958 143543
1368916327 143566
1369048557 143566
1369121960 143566
1369136089 143567
1369136136 143637
1369137021 143638
1369140902 143638
1369141472 143638
1369215184 143637
1369216132 143637
1369216193 143637
1369253195 143637
1369300812 143638
1369365005 143638
1369365109 143637
1369365144 143637
1369365177 143638
1369365204 143638
1369365234 143591
1369365274 143591
1369367969 143607
1369380646 143607
1369403800 143657
1369483401 143661
1369485091 143661
1369537415 143661
1369730463 143662
1369810050 143666
1369836692 143628
1369855143 143628
1369952593 143628
1369953628 143628
1370031880 143580
1370037311 143628
1370055085 143416
1370064233 143415
1370067389 143415
1370087860 143415
1370087880 143437
1370093559 145065
1370098822 145044
1370127154 145044
1370152580 145624
1370152755 145633
1370154987 145634
1370155943 145649
1370169304 145649
1370184571 145623
1370189701 145650
1370320972 145623
1370325162 145642
1370325814 145640
1370332562 145661
1370332785 145662
1370340403 145663
1370340615 145660
1370591540 145708
1370591949 145708
1370600715 145708
1370717353 145708
1370809430 145708
1370812560 145708
1371019011 145708
1371194948 145708
1371557784 145708
1371648112 145707
1371649319 145709
1371718862 145709
1371748052 145711
1371767780 145711
1371783234 145712
1371788988 145713
1371789640 145713
1371798128 145713
1371890658 145862
1371909580 145862
1371909653 145828
1371927032 147899
1371971528 150060
1371973121 150060
1371976157 150064
1371980883 150044
1371981266 150044
1371983661 149850
1371984263 149811
1371987206 149812
1371987238 149812
1371993591 149812
1371996843 149813
1372082703 149836
1372190880 149813
1372190947 149813
1372331315 149599
1372331903 149602
1372338928 149725
1372339109 149726
1372339953 149728
1372340343 149731
1372341750 149732
1372341775 149732
1372509703 149687
1372510167 149687
1372510238 149687
1372668434 149687
1372670952 149687
1372754078 149687
1372754091 149687
1372760405 149687
1373086596 149687
1373086690 149687
1373086767 149687
1373086781 149687
1373086805 149687
1373087795 149680
1373098245 149835
1373098425 149932
1373102532 149932
1373172854 149933
1373173278 149941
1373174279 149946
1373180335 149988
1373189777 149992
1373703735 149992
1373703880 149992
1373704011 149993
1373710901 150023
1373710965 150033
1373711202 150028
1373711590 150029
1373713631 150039
1373713656 150032
1373733778 150067
1373791350 150066
1373797279 150066
1373819135 150066
1373819674 150063
1373820630 150063
1373890144 150072
1374031620 150128
1374139865 150127
1374140461 150127
1374141665 150123
1374142460 150124
1374142705 150136
1374143152 150136
1374229894 150144
1374304608 150147
1374304624 150147
1374410676 150146
1374412408 150137
1374412701 150146
1374412935 150146
1374413361 150137
1374425190 150138
1374439744 150137
1374442000 150205
1374445089 150137
1374445163 150137
1374471226 150205
1374472335 150989
1374478493 151292
1374482730 151292
1374504796 150205
1374504869 150233
1374741374 150239
1374749662 150245
1374749743 150245
1374807145 150257
1374807388 150165
1374808622 150188
1374813563 150193
1374860342 150568
1374899814 150193
1374914818 150274
1374914854 150319
1374914906 150374
1374914945 150414
1374914982 150473
1374915023 150509
1375013285 150178
1375014278 150161
1375015688 150186
1375016540 150161
1375016557 150178
1375016572 150193
1375028634 150567
1375160068 150218
1375171304 150245
1375239557 150245
1375262965 150245
1375265782 150245
1375270010 150231
1375274918 150231
1375281080 150236
1375281118 150234
1375449940 150510
1375505689 150510
1375506789 150511
1375601486 150566
1375612894 150566
1375613112 150566
1375619176 150566
1375735520 150600
1375735592 150599
1375735647 150598
1375735695 150618
1375765693 150618
1375772371 150618
1375792233 150618
1375792254 150622
1375793476 150622
1375810661 150708
1375831210 150698
1375871017 150698
1375872644 150703
1375874417 150703
1375876034 150707
1375940977 150749
1375949728 150750
1375952830 150750
1376023319 150750
1376026491 150751
1376026760 150751
1376143304 150751
1376143341 150751
1376203468 150752
1376206196 150766
1376287735 150763
1376325435 150758
1376397935 150765
1376401684 150766
1376644032 150704
1376646270 150766
1376737863 150766
1376763534 150791
1376763733 150751
1376763824 150778
1376767260 150804
1376767320 150804
1376767881 150807
1376768909 150766
1376769287 150766
1376771714 150807
1376796160 150815
1376817794 150789
1377010234 150790
1377010951 150790
1377016391 150792
1377052754 150823
1377080463 150853
1377080818 150853
1377080911 150853
1377323229 150853
1377323625 150853
1377323677 150896
1377340200 150898
1377342144 151049
1377347933 151050
1377351497 151050
1377421455 152608
1377421600 152612
1377421740 152629
1377421816 152659
1377421933 152667
1377422813 152667
1377423822 152664
1377423887 152664
1377425350 152718
1377425433 152744
1377426350 152745
1377427234 152745
1377430467 152750
1377432101 152750
1377439889 152750
1377442843 152750
1377513742 152748
1377540729 152748
1377540741 152748
1377591493 152748
1377592683 152752
1377592947 152752
1377594273 152753
1377598078 152755
1377607005 152773
1377611242 152781
1377612915 152784
1377624246 152810
1377625773 152810
1377685386 152807
1377685408 152799
1377692493 152830
1377693439 152830
1377760705 152970
1377797707 152953
1377814921 152953
1377845911 152960
1377864423 152959
1377864623 152959
1377955617 152959
1378407104 152959
1378559707 152959
1378559771 152959
1378559803 152959
1378559834 152959
1378559857 152959
1378559895 152959
1378559918 152959
1378559941 152959
1378559968 152959
1378559995 152959
1378560018 152959
1378562879 152962
1378565641 152962
1378565768 152962
1378566066 152995
1378566895 152865
1378567167 152865
1378970562 152865
1378970713 152865
1378970737 152867
1378970931 152867
1379063434 152866
1379219801 152852
1379306164 152862
1379316276 152925
1379507712 152925
1379507924 152925
1379508052 152925
1379922209 152925
1380341506 152927
1380611792 152927
1380612347 152927
1380958197 152940
1380958303 153000
1380958403 153000
1380969351 153037
1380995788 153037
1381076241 153038
1381265428 152999
1381271231 152999
1381301127 152999
1381388389 152999
1381637825 152999
1381638940 152999
1381639190 152998
1381671867 152998
1381678970 152998
1381776256 152998
1381776944 152998
1381799070 153003
1381833047 153018
1381833138 153049
1381935183 153049
1381935517 153049
1381948655 153049
1382022009 153049
1382153831 153054
1382155805 153054
1382159137 153055
1382159190 153055
1382162040 153027
1382162720 153011
1382163103 153032
1382180262 153034
1382182059 153152
1382183891 153152
1382185620 153175
1382186010 153212
1382193992 153249
1382195427 153249
1382204753 153275
1382232144 153275
1382232892 153409
1382235597 153411
1382237269 153416
1382239050 153416
1382248930 153387
1382252088 153390
1382336433 153395
1382404742 153397
1382408447 153398
1382408492 153401
1382474836 155840
1382605249 153401
1382648841 153509
1382828083 153509
1382892587 153509
1383431053 153509
1383467833 153509
1383471396 153509
1383562685 153555
1383967090 153541
1383970410 153536
1383977593 153537
1383977610 153512
1383985216 153515
1383991724 153515
1384055937 153500
1384055967 153583
1384057136 153599
1384057159 153599
1384058062 153602
1384063488 153790
1384065709 153803
1384065852 153809
1384065916 153809
1384066033 153806
1384068198 153807
1384073881 153807
1384074077 153804
1384074623 153805
1384170652 153839
1384170733 153926
1384173799 153925
1384178073 153931
1384178392 154048
1384179497 154026
1384185505 154053
1384235797 153997
1384237958 153964
1384252449 153966
1384306118 153966
1384416638 153966
1384495414 153966
1384609494 154023
1384610522 154023
1384610550 154025
1384639531 153972
1384697019 153972
1384697287 153972
1384697550 153972
1384738365 153986
1384826783 154003
1384827026 154004
1384827043 153974
1384829442 153975
1384829574 153975
1384829592 153975
1384829742 153976
1384834714 153976
1384839079 154006
1384839193 154006
1385127205 154006
1385177730 154006
1385178145 154006
1385178241 154006
1385178311 154006
1385178538 154010
1385178573 154010
1385267170 154020
1385267342 154957
1385351019 154985
1385352449 155051
1385585636 155051
1385601044 155051
1385803959 155051
1385917132 156715
1386062815 155492
1386123101 155845
1386123240 155846
1386123369 155847
1386123839 155847
1386124014 155847
1386124035 155492
1386124403 155492
1386136536 155492
1386138125 155492
1386138900 155492
1386138914 155492
1386138931 155492
1386138953 155492
1386138994 155447
1386139071 155448
1386139264 155448
1386190544 157980
1386344122 157980
1386364263 158131
1386496271 158131
1386848272 154606
1386866756 154606
1386879535 154606
1387102573 157869
1387102597 157866
1387102685 157863
1387102731 157860
1387102867 157858
1387115555 157855
1387115566 157852
1387115578 157849
1387115590 157845
1387115610 157858
1387115630 157855
1387115687 157853
1387115697 157851
1387196247 154606
1387407431 154606
1387490885 154606
1387536315 157848
1387536329 157846
1387536346 157844
1387536362 157842
1387886107 154606
1387886159 154606
1388025054 154606
1388025111 154606
1388025133 154606
1388025229 154605
1388025268 154605
1388025337 154605
1388025364 154605
1388025488 154618
1388025527 154618
1388025655 154646
1388027878 154646
1388027966 154646
1388035764 154648
1388041138 154663
1388044225 154663
1388044253 154664
1388279101 154664
1388279423 154664
1388279543 154664
1388486136 154908
1388495671 154908
1388499348 154702
1388500356 154784
1388500680 154817
1388501382 154896
1388598501 158158
1388598737 158244
1388599005 158272
1388633459 154691
1388633508 154693
1388633895 154694
1388635147 154654
1388650729 158291
1388656540 158345
1388866875 154654
1388867124 154654
1388914549 154908
1388923103 154896
1388947817 154908
1389143115 154654
1389146694 154682
1389299638 158049
1389318118 154682
1389322405 159111
1389437153 158074
1389667942 154690
1389668000 154669
1389671429 154700
1389671548 154700
1389671772 154703
1389672016 154703
1389672075 154703
1389707207 154695
1389745349 154698
1389748851 154702
1390248611 154702
1390248858 154702
1390249768 154675
1390881895 154675
1390885946 154911
1390887287 155481
1390891981 155482
1390894529 155482
1390896345 155482
1390896377 155482
1390920308 155482
1390920453 155482
1390920480 155482
1390920503 155482
1390920532 155482
1390920590 155484
1390920635 155484
1390922014 155484
1390948587 155550
1390957757 155484
1390957780 155484
1391125560 155486
1391127626 155486
1391140632 155486
1391140704 155483
1391142013 155483
1391220583 155522
1391253562 155522
1391253576 155522
1391356387 155491
1391379157 158281
1391412174 157867
1391502580 155491
1391590081 155532
1391606730 158629
1391692801 155532
1391700860 155382
1391768973 155384
1391804099 157872
1391804926 157930
1391859793 157836
1391877275 157834
1391877287 157843
1391910856 157963
1391946278 157861
1391948991 157870
1391960836 157871
1391964226 157875
1391966046 157873
1391967923 157875
1391974457 157962
1392010406 157799
1392017638 157803
1392023031 157799
1392030855 157804
1392031369 157808
1392083610 157817
1392083674 157817
1392152550 157817
1392179126 157830
1392194517 157834
1392365584 157834
1392365600 157834
1392365757 157834
1392366250 157834
1392459795 157852
1392516647 157973
1392516999 157973
1392564260 158000
1392607548 158007
1392608188 158007
1392613310 157991
1392692663 157993
1392778567 158156
1392786618 158159
1392966897 158165
1392982874 158077
1392984229 158080
1392984273 158080
1392997759 158344
1392997990 158281
1392998087 158188
1393093262 158282
1393093346 158407
1393234747 158424
1393235508 158424
1393320737 158468
1393331394 158474
1393331493 158474
1393412325 158477
1393413200 158478
1393434168 158478
1393599615 158474
1393599676 158479
1393683167 158639
1393774670 158640
1393840800 158619
1394211077 158580
1394212079 158580
1394212177 158577
1394212264 158593
1394216632 158619
1394216643 158640
1394256695 158590
1394259628 158590
1394271491 158591
1394271520 158599
1394291025 158596
1394292701 158593
1394292763 158590
1394303265 158597
1394303828 158596
1394312307 158586
1394332264 158587
1394332290 158582
1394338379 158582
1394338406 158597
1394348955 158595
1394363930 158598
1394418758 158816
1394418827 158825
1394418866 158828
1394418918 158829
1394431337 158847
1394432544 158847
1394444514 158854
1394444537 158854
1394445805 158859
1394445842 158859
1394461542 158859
1394461714 158860
1394483583 158860
1394485568 158861
1394570081 158875
1394598974 158875
1394599048 158875
1394861203 158869
1395006491 158869
1395049982 158869
1395050136 158869
1395050263 158869
1395235754 158869
1395239048 158869
1395484204 158855
1395487956 158859
1395488790 158891
1395498071 158921
1395498857 158925
1395533474 158925
1395627252 158921
1395627927 159036
1395648687 159036
1395741742 159036
1395821431 159036
1395821445 159036
1395863950 159036
1395880656 159111
1395907147 159111
1396176068 159111
1396234654 159111
1396353935 159109
1396354049 159109
1396453593 159110
1396483699 159091
1396495802 158953
1396518182 158953
1396523383 158947
1396523753 158945
1396523783 158939
1396550218 158939
1396564644 159013
1396564921 159010
1396627091 159010
1396627400 159010
1396686728 159011
1396687841 159011
1396769765 159012
1396773994 159075
1396777034 159100
1396779595 159098
1396787807 159095
1396790295 159415
1396809260 159456
1396809299 159463
1396856958 159463
1396858498 159464
1396889018 159460
1396889253 159490
1396889292 159520
1396889355 159545
1396889701 159544
1396915892 159545
1396916432 159549
1396919761 159534
1396944672 159534
1396949380 159517
1396951217 159501
1396954471 159504
1396974784 159504
1397089753 159521
1397141108 159520
1397152572 159522
1397191227 159535
1397191267 159535
1397256029 159492
1397262219 159492
1397268587 159476
1397488709 159474
1397507393 159479
1397519410 159479
1397527766 159475
1397528837 159471
1397555181 159482
1397555264 159482
1397561047 159479
1397602126 159475
1397809051 159475
1397902595 159475
1397961548 159475
1397966058 159501
1397997199 159516
1398001895 159514
1398017039 159496
1398052171 159597
1398133357 159597
1398134670 159597
1398134811 159597
1398134948 159597
1398135003 159597
1398141120 159602
1398154912 159615
1398155947 159645
1398157997 159645
1398168646 159683
1398529346 159683
1398529356 159683
1398536730 159683
1398536948 159712
1398537366 159723
1398537811 159723
1398567906 159748
1398569144 159018
1398569201 159035
1398571620 159080
1398608124 159080
1398624233 159076
1398665177 159137
1398673587 159137
1398767914 159138
1398829519 159138
1398830913 159218
1398889192 159096
1398889833 159218
1398997667 159096
1398998060 159097
1399074905 159128
1399161007 159144
1399233843 159144
1399234720 159152
1399234805 159168
1399235747 159152
1399256197 159275
1399260533 159270
1399345494 159272
1399363004 159272
1399474860 159291
1399500037 159291
1399521521 159291
1399603422 159291
1399603950 159291
1399605801 159338
1399607727 159338
1399607744 159338
1399693734 159339
1399693822 159327
1399756155 159328
1399756609 159334
1399756966 159338
1399770045 159367
1399770569 159418
1399793758 159418
1399806182 159410
1399808373 159410
1399821456 159410
1399828933 159440
1399990633 159440
1400035966 159440
1400207802 159438
1400352005 159438
1400622819 159384
1400634177 159542
1400680867 159384
1400803507 159427
1400827617 159482
1400831893 159427
1400840811 159534
1401043599 159561
1401231262 159561
1401647167 159561
1401906303 159561
1401961329 159561
1401978170 159561
1401993424 159561
1402173838 159561
1402347254 159561
1402387716 159561
1402393983 159593
1402395207 159650
1402397172 159652
1402476645 159652
1402559310 159652
1402608712 159538
1402729957 159482
1402742256 159482
1402854950 159482
1402992957 159542
1402999271 159565
1403004037 159565
1403033683 159592
1403124674 160037
1403180986 159592
1403181603 159592
1403349319 159572
1403641819 159572
1403644075 159641
1403657131 159639
1403710224 159639
1403894880 159639
1403894933 159759
1403903006 159805
1403913466 159800
1403913482 159821
1404083700 159821
1404084221 159823
1404084289 159823
1404084326 159823
1404095749 159823
1404096513 159823
1404151916 159822
1404171864 159822
1404171970 159797
1404173368 159822
1404251199 159913
1404255646 159918
1404322403 160037
1404381538 159918
1405022346 159918
1405658701 159918
1405973348 159891
1406063037 159891
1406078504 159846
1406081546 159846
1406082400 159841
1406082477 159841
1406082784 159864
1406341906 159859
1406388602 159756
1406481436 159756
1406481878 159756
1406483254 159757
1406483332 159758
1406947297 159740
1406947331 159749
1406950092 159779
1406950138 159721
1406950162 159721
1407018515 159919
1407087468 159721
1407091152 159723
1407091895 159920
1407092620 159970
1407093012 159974
1407093768 160040
1407095749 160040
1407195473 160036
1407195564 160034
1407195931 160034
1407196538 160036
1407289664 160232
1407293876 160261
1407294145 160289
1407295588 160290
1407447079 160290
1407447200 160290
1407453775 160293
1407458053 160277
1407458098 160283
1407459098 160285
1407467210 160285
1407467275 160287
1407468760 160286
1407512073 160320
1407528781 160319
1407530512 160319
1407536354 160320
1407631950 160320
1407692785 160322
1407692796 160328
1407726274 160361
1407775674 160329
1407778579 160369
1407781540 160402
1407783820 160403
1407784272 160404
1407912084 160617
1407958863 160617
1407958869 160617
1407958977 160617
1407959413 160617
1407960230 160617
1407961522 160617
1407963093 160617
1407963606 160617
1407965819 160617
1408006731 161897
1408149551 160408
1408149605 160439
1408151196 160615
1408151221 160615
1408157328 160616
1408213522 160615
1408224613 160619
1408234067 160619
1408290055 160617
1408305996 160612
1408307758 160612
1408308291 160606
1408317552 160731
1408321510 160725
1408321522 160725
1408382574 160725
1408461689 160725
1408461874 160732
1408489222 160737
1408489787 160737
1408501940 160737
1408506769 160737
1408510699 160736
1408607314 160736
1408630988 160736
1408673622 160783
1408676025 160794
1408676843 160794
1408727236 160981
1408761554 160982
1408911737 160982
1408953881 160982
1408954418 160941
1408955292 160941
1408969053 161810
1408983417 160941
1409112906 161441
1409113053 161443
1409161254 161445
1409161294 161443
1409213421 161445
1409217358 161445
1409356522 161446
1409359359 161610
1409360310 161609
1409360739 161610
1409367069 161610
1409369232 161612
1409415107 161612
1409450451 161633
1409450753 161633
1409451157 161640
1409451277 161640
1409451316 161639
1409520871 161743
1409524646 161746
1409524923 161747
1409595063 161776
1409595129 161807
1409597583 161807
1409706229 161774
1409707289 161774
1409711860 161739
1409712940 161754
1409714520 161821
1409738386 161792
1409774994 161792
1409775925 161792
1409777298 161792
1409799733 161792
1409801515 161801
1409802619 161799
1409805163 161800
1409805421 161800
1409875743 161791
1409890579 161962
1410134452 161962
1410202870 161939
1410221489 161962
1410223556 161992
1410225032 162036
1410225714 162072
1410230877 162072
1410230905 162074
1410271656 162074
1410272268 162075
1410272581 162075
1410357158 162075
1410791928 162075
1410826741 162025
1410827014 162025
1410830257 162025
1410835133 162022
1410836946 162030
1410897652 162030
1410936262 162030
1410968570 162059
1410999077 162148
1410999152 162155
1411015932 162156
1411050272 162178
1411085201 162186
1411094418 162188
1411094448 162196
1411098943 162245
1411165370 162211
1411201663 162211
1411202132 162211
1411236937 162211
1411252464 162216
1411262088 162216
1411262121 162236
1411264118 162236
1411334636 162238
1411352973 162239
1411353384 162171
1411448027 162223
1411481204 162220
1411490608 162168
1411506014 162211
1411507684 162210
1411542779 162209
1411609350 162275
1411609432 162276
1411612235 162277
1411612338 162279
1411660813 162279
1411669525 162277
1411669550 162277
1411745995 162281
1411813349 162281
1411858774 162370
1411872152 162368
1412030578 162368
1412034757 162368
1412034773 162369
1412043331 162365
1412044163 162365
1412045026 162386
1412123022 162571
1412123071 162386
1412123228 162605
1412138858 162585
1412197730 162585
1412218231 162585
1412247780 162585
1412261733 162606
1412263385 162603
1412264560 162601
1412266507 162602
1412267033 162603
1412271219 162602
1412305505 162602
1412307041 162640
1412308149 162640
1412515929 162678
1412590394 162679
1412726232 162679
1412738897 162794
1412738983 162734
1412738993 162734
1412739005 162734
1412739018 162725
1412739026 162727
1412739379 162729
1412744370 162893
1412744496 162891
1412789383 162891
1412813847 162891
1412829450 162895
1412843809 162903
1412845779 162983
1412864615 162983
1412865346 162984
1412897341 162999
1412916344 163054
1412917313 163056
1412982301 163054
1412982567 163054
1412985311 163056
1412989677 163085
1412989768 163085
1412990449 163112
1412990748 163112
1413029282 163138
1413029417 163138
1413086846 163136
1413174226 163138
1413174697 163139
1413235506 163099
1413235691 163099
1413249953 163098
1413249985 163099
1413253840 152344
1413256624 152377
1413256638 152376
1413316317 152384
1413330189 152384
1413330221 152387
1413335913 152387
1413335937 152387
1413337371 152388
1413337388 152393
1413347290 152389
1413417553 152458
1413417622 152458
1413418257 152458
1413422468 152458
1413422601 152458
1413430976 152465
1413431253 152465
1413431623 152466
1413449402 152466
1413519596 152467
1413520427 152465
1413520598 152465
1413520614 152465
1413526620 152465
1413578064 152503
1413578603 152503
1413604789 152503
1413653388 152508
1413654089 156184
1413669438 156270
1413669827 156188
1413669910 156270
1413670186 156261
1413672278 156262
1413672730 156383
1413717758 152820
1413734388 156417
1413778616 156412
1413778724 156417
1413781085 156412
1413781898 156415
1413782813 156358
1413816433 152745
1413816620 152682
1413817424 152682
1413833810 152823
1413837490 152685
1413851267 152686
1413868920 152687
1413869120 152687
1413907249 152688
1413935251 152688
1413935355 152688
1413937822 152690
1413945241 152823
1413946596 152815
1413949113 152812
1413949789 152807
1413951579 152808
1413991056 152808
1413991068 152808
1414144947 152808
1414401461 152809
1414404345 152852
1414408110 152852
1414489419 152852
1414501068 152852
1414576631 152868
1414577228 152868
1414577347 152868
1414577502 152899
1414577685 152898
1414595110 152898
1414608227 153099
1414609852 153099
1414611105 153097
1414702459 153099
1414702472 153099
1415002710 153102
1415178228 153102
1415437679 153102
1415503890 153191
1415504277 153351
1415504357 153351
1415558997 153353
1415559222 153357
1415559297 153328
1415560256 153345
1415572453 153345
1415607664 153345
1415655419 153345
1415854309 153397
1415854777 153397
1415859690 153512
1415911022 153512
1415911047 153512
1415911634 153466
1416000872 153467
1416000888 153467
1416158393 153467
1416158433 153471
1416158464 153471
1416158482 153496
1416158492 153498
1416159039 153499
1416161320 153499
1416185932 153497
1416194535 153673
1416194684 153679
1416194695 153709
1416288700 153709
1416337897 153709
1416388756 153709
1416523744 153709
1416528765 153710
1416594643 153710
1416681540 153738
1416702945 153738
1416703082 153739
1416737799 153739
1416791685 153711
1416798839 153712
1416810487 153712
1416816180 153717
1416816831 153753
1416821160 153721
1416828604 153730
1416832563 153731
1416904144 153731
1417054871 145768
1417062728 145764
1417274644 145764
1417331975 145765
1417341766 145765
1417348938 145765
1417349505 145765
1417429635 145765
1417434035 145765
1417434138 145765
1417434267 145847
1417434539 145847
1417434631 145828
1417437794 145777
1417437835 145840
1417437895 145825
1417437937 145646
1417437984 145596
1417438286 145596
1417602325 145599
1417661268 145607
1417668774 145751
1417684277 145751
1417776498 147381
1417802683 147384
1417819802 147354
1417824412 147384
1417826122 147406
1417886539 147411
1417887009 147411
1417903646 147411
1417903662 147411
1417904594 147530
1417951512 147530
1417990526 147528
1418030559 147540
1418042467 147482
1418044597 147502
1418114565 155442
1418115029 155204
1418116866 155261
1418118040 155260
1418120206 155255
1418120312 155254
1418170608 155254
1418217052 147552
1418230509 147552
1418240075 147584
1418271634 147553
1418291689 147553
1418304079 147553
1418441966 147586
1418443042 147586
1418448211 147585
1418448978 147582
1418579637 147581
1418579727 147581
1418606299 147471
1418857457 147672
1418906397 147672
1419204732 147672
1419229361 147672
1419278379 147672
1419378377 147672
1419379355 147677
1419628689 147677
1419628770 147677
1419980861 147677
1420206782 147677
1420472098 147677
1420472510 147669
1420515589 147667
1420678177 147892
1420678353 147940
1420717648 147940
1420749684 147940
1420988593 147940
1420988825 147941
1421018591 147942
1421279535 147942
1421335809 147942
1421399096 147942
1421432079 147942
1421451546 147997
1421456940 148025
1421506024 148025
1421786112 148025
1422021335 148003
1422089886 148003
1422172282 148003
1422172349 148030
1422172391 148053
1422374884 148073
1422532531 148074
1422623237 148450
1422625416 149071
1422650798 149070
1422651048 149070
1422832521 149070
1422986618 149071
1423068816 149008
1423126632 149008
1423280439 149009
1423568310 149009
1423596301 149130
1423598304 149130
1424152725 149131
1424247156 149131
1424287400 149138
1424303967 149131
1424449390 149138
1424450740 149138
1424713127 154943
1425056364 149138
1425063180 149142
1425069052 149142
1425138296 149227
1425198903 148998
1425374125 148998
1425548220 148998
1425572589 149026
1425572608 149052
1425573058 149053
1425577069 149053
1425913764 149081
1425929370 149081
1425950101 149081
1425952030 149078
1425954285 149078
1425956627 149079
1425956809 149078
1425974306 149078
1426067804 149052
1426204050 149052
1426328842 149023
1426354164 148989
1426354192 148989
1426759464 148989
1426802036 148989
1426993812 148992
1427276050 148992
1427325464 148993
1427388761 148993
1427537052 149027
1427537123 149027
1427538020 149051
1427538894 149051
1427572479 149079
1427573389 149098
1427574323 149120
1427583546 149604
1427587878 149644
1427613553 149676
1427615031 149696
1427629754 149713
1427633848 149617
1427738322 149617
1428512184 149613
1428515066 149613
1428618269 149636
1428987922 149636
1429347909 149636
1429347939 149636
1429347985 149636
1429602923 149636
1429730341 149636
1429737637 149639
1429741076 149639
1429784172 149641
1429786902 149640
1429787825 149646
1429789206 149574
1429795668 149640
1429804108 149599
1429823819 149599
1430147636 155032
1430322217 149629
1430348701 149629
1430679818 149629
1430690846 149629
1430692153 149585
1430693624 149585
1430693739 149585
1430848678 149586
1431036868 149585
1431079650 149585
1431190734 149585
1431349833 149586
1431661701 149586
1431661849 149619
1432192420 149619
1432734463 149549
1432734553 149827
1432742330 149549
1433316714 149505
1433518820 149505
1433590075 149533
1433721380 149656
1433721541 149655
1433757660 149655
1433818241 149689
1434054921 149689
1434055011 149689
1434150958 149689
1434207757 149690
1434221672 149691
1434359739 149725
1434414419 149761
1434414593 149761
1434414618 149752
1434504650 149812
1434624341 149827
1434626851 149827
1434661797 149820
1434664287 149820
1434673661 149820
1434674663 149816
1434674739 149816
1434674901 149843
1434675047 149843
1434675578 149843
1434675687 149843
1434675823 149844
1434676072 149844
1434678020 149857
1434678314 149857
1434679308 149842
1434679534 149842
1434679785 149842
1434681044 149801
1434681272 149801
1434681440 149802
1434681527 149802
1434681772 149802
1434681928 149805
1434682170 149806
1434682193 149806
1434684069 149748
1434684284 149749
1434691082 149749
1434705163 149811
1434788793 149811
1434829317 149811
1434829339 149811
1434830011 149811
1434887326 149829
1435035618 149859
1435039565 149862
1435046432 149892
1435046972 149893
1435073994 149831
1435321578 149831
1435485001 150187
1435489974 150187
1435508112 150187
1435559680 150224
1435574734 150224
1435574793 150230
1435574980 150231
1435707885 150246
1435714030 150322
1435752372 151216
1435753474 151141
1435776832 151196
1435918699 150322
1435918753 150322
1435919478 150322
1436141689 150328
1436141873 150330
1436141970 150354
1436142024 150396
1436142094 150396
1436142202 150396
1436142433 150397
1436142596 150497
1436142636 150537
1436142726 150555
1436143354 150603
1436143882 150976
1436145470 150993
1436145700 150995
1436145864 150995
1436147099 150995
1436147500 150995
1436147532 150995
1436338347 150994
1436338531 150994
1436403640 150994
1436405969 151008
1436406503 150982
1436415820 150983
1436429354 150984
1436448305 150985
1437352216 150989
1437352331 150991
1437352746 150991
1437353175 150989
1437353245 151013
1437353263 151014
1437695261 151014
1437695320 151014
1437701007 150996
1437954653 151025
1437954714 151050
1437954749 150934
1437954768 150934
1437955125 150982
1437955141 150983
1437955146 150979
1437955223 150979
1437955253 150979
1437957137 150979
1437964964 150979
1437970677 151044
1437970707 151044
1437970900 151044
1437971082 151044
1438125368 151149
1438125389 151150
1438157413 151175
1438197561 151175
1438197610 151175
1438240968 151175
1438243615 151175
1438243739 151175
1438244257 151175
1438244879 151141
1438249653 151141
1438249781 151141
1438286655 151216
1438303978 151182
1438343019 151182
1438478623 151192
1438478639 151192
1438558716 151192
1438558734 151192
1438561323 151193
1438645258 151225
1438645279 151226
1438759133 151197
1438816592 151197
1438850869 151197
1438858587 151216
1438893900 151216
1438898791 151220
1438928031 151220
1439111523 151220
1439111561 151220
1439113349 151219
1439113383 151219
1439336891 151261
1439368186 151261
1439368219 151261
1439556324 155048
1440116318 151356
1440234568 151394
1440238250 151405
1440238293 151405
1440274530 151433
1440274548 151434
1440458248 151392
1440494627 151391
1440496784 151391
1440496818 151391
1440500060 151391
1440500199 151391
1440600505 151418
1440600530 151419
1440659069 151420
1440659099 151448
1440663258 151420
1440663298 151420
1440713169 151420
1440747262 151420
1440958267 151417
1440958287 151417
1441007243 151417
1441007504 151417
1441145606 151449
1441145642 151450
1441145662 151451
1441179016 151451
1441179048 151451
1441180120 151452
1441180908 151456
1441181388 151457
1441214354 151485
1441214459 151512
1441268633 151452
1441284456 151452
1441284813 151455
1441287959 151512
1441308599 151621
1441343554 151783
1441343612 151784
1441441914 151762
1441441942 151762
1441442459 151862
1441443748 152039
1441445078 152039
1441459937 152041
1441460144 152048
1441460283 152055
1441460566 152057
1441460630 152057
1441504651 152083
1441504666 152084
1441504819 151991
1441504845 151991
1441517856 152029
1441518509 152080
1441545552 152082
1441548938 152173
1441549252 152173
1441551408 152173
1441551482 152175
1441603705 152177
1441631262 155090
1441637522 152178
1441698601 152165
1441698649 152165
1441713694 152165
1441713753 152193
1441714414 152193
1441714441 152193
1441734162 152190
1441736279 152187
1441742236 152187
1441744791 152186
1441778105 152156
1441778136 152156
1441780097 152156
1441946469 152142
1441949501 152142
1441950654 152142
1441952758 152141
1441954902 152141
1441958022 152532
1441969151 152535
1442030481 152568
1442030507 152569
1442030716 152571
1442036108 152572
1442038148 152592
1442038794 152608
1442057229 152619
1442088698 152619
1442088864 152619
1442123671 152620
1442136531 152620
1442136642 152620
1442136701 152615
1442139124 152615
1442149711 152627
1442207083 152632
1442217430 152559
1442217957 152560
1442259168 152560
1442259369 152560
1442259404 152560
1442260543 151934
1442260722 151934
1442274630 151934
1442443084 151934
1442470141 151937
1442470213 151931
1442650263 151934
1442650836 151934
1442650862 151934
1442720361 151937
1442816995 151932
1442819538 152215
1442819558 152216
1442821698 152219
1442826308 152243
1442828347 152230
1442830084 152256
1442831764 152251
1442851652 152251
1442851690 152251
1442851822 152237
1442851871 152237
1442853024 152202
1442853606 152203
1442853621 152203
1442853661 152203
1442911604 152199
1442982669 152509
1442982690 152511
1442991835 152525
1442993236 152525
1442993685 152538
1442994076 152543
1442994567 152579
1442997178 152579
1443022179 152579
1443058538 152595
1443062825 152594
1443141894 152594
1443153917 152662
1443154695 152662
1443167389 152663
1443167411 152660
1443167443 152660
1443189975 152662
1443190012 152660
1443190057 152660
1443191147 152700
1443200151 152694
1443200614 152695
1443260499 152702
1443260573 152707
1443260617 152706
1443279474 152706
1443397322 152803
1443398426 152804
1443398446 152805
1443477123 152832
1443522100 152832
1443522140 152833
1443522357 152833
1443522397 152840
1443522453 152849
1443535265 152853
1443535356 152853
1443536498 152855
1443565483 155194
1443567175 155194
1443567331 155194
1443568197 155197
1443569357 152855
1443578506 152857
1443582996 152859
1443586787 152859
1443586870 152859
1443586894 152859
1443587915 152858
1443587948 152858
1443589035 152863
1443591105 152863
1443592170 152863
1443649684 152863
1443649727 152863
1443667119 152865
1443675153 152865
1443708822 152865
1443708904 152865
1443790409 152878
1443853920 152877
1443854000 152895
1443854021 152909
1443890582 155202
1443891025 155206
1443934878 152959
1443935165 152957
1443935750 152958
1443942316 152942
1443942656 152942
1443943084 152942
1443944346 152970
1443965881 152970
1443965919 152970
1444027356 152971
1444099473 152998
1444108740 153317
1444108797 153318
1444113920 153318
1444115205 153321
1444118572 153346
1444123861 153322
1444124138 153322
1444209343 153347
1444209359 153347
1444256327 153351
1444281667 153522
1444282093 153522
1444286590 153575
1444313034 153602
1444313131 153604
1444350641 153604
1444350667 153604
1444351436 153605
1444449807 153747
1444449936 153747
1444449960 153747
1444490533 153777
1444594168 153865
1444635629 153858
1444639785 153858
1444701555 153860
1444771685 153860
1444771857 153860
1444790909 153860
1444791799 153859
1444791827 153859
1444805165 153860
1444836966 153860
1444836986 153860
1444855852 153822
1444856634 153822
1444896762 153658
1444899793 153658
1444902551 154369
1444934326 153658
1444955345 153659
1444958284 153671
1444959493 153688
1444960218 153689
1444984811 153689
1444984917 153689
1444985059 153690
1445028523 153698
1445028615 153698
1445043208 153694
1445049980 153686
1445085428 153686
1445086344 153686
1445126470 153686
1445169868 153719
1445216816 153719
1445219946 153734
1445312129 155926
1445416214 153741
1445420119 153737
1445420204 153737
1445423486 153765
1445423576 153765
1445495785 153770
1445498146 153773
1445588147 153800
1445677724 153800
1445738550 153653
1445738568 153649
1445908389 153650
1445926010 153802
1445936474 153802
1445936743 153802
1445939984 153803
1445941787 153803
1445992268 153833
1446384683 153770
1446384705 153768
1446495483 153768
1446495549 153768
1446556591 154558
1446738969 153767
1446749218 153767
1447030757 153770
1447111908 153851
1447111960 153852
1447113569 153913
1447120778 154104
1447120806 154106
1447139630 154111
1447292312 154111
1447292469 154111
1447501752 154175
1447509252 154175
1447509277 154175
1447592699 154175
1447595834 154199
1447604749 154206
1447639671 154250
1447641182 154254
1447665951 154253
1447667111 154253
1447756546 154330
1447756568 154331
1447833282 154557
1447835425 154558
1447835515 154558
1447836511 154558
1447840402 154563
1448067616 154557
1448068466 154557
1448068538 154557
1448073353 154562
1448074062 154562
1448074508 154562
1448074913 154558
1448075627 154558
1448075657 154558
1448081447 154605
1448083590 154683
1448083614 154684
1448283785 155193
1448502864 154684
1448502949 154684
1448508480 154684
1448508513 154685
1448510965 154359
1448517498 154892
1448517518 154892
1448519078 154907
1448523035 155061
1448533610 154907
1448537226 154918
1448591356 154919
1448591432 154920
1448596162 154922
1448628845 154922
1448629241 154922
1448701649 154944
1448705173 154912
1448705201 154912
1448709245 154912
1448722617 154912
1448801990 154912
1448802032 154912
1448855410 154913
1448855506 154908
1448856300 154920
1448862461 154920
1448862574 154924
1448862624 154913
1448863397 154943
1448863429 154947
1448863486 154947
1448869197 154915
1448869508 154915
1448876196 154995
1448876347 154996
1448884738 155001
1448889573 155002
1448902367 154996
1448902418 154996
1448903515 154955
1448903561 154955
1448938187 154955
1448938208 154955
1448942201 155017
1448942330 155018
1448944745 155051
1448944813 155052
1448946482 155080
1448946555 155081
1448962270 155241
1448962403 155165
1448962507 155165
1448976011 155166
1448982948 155166
1448989439 155166
1448996284 155166
1449000494 155166
1449022052 155166
1449022090 155166
1449022128 155166
1449022163 155166
1449022204 155166
1449022255 155166
1449022285 155166
1449022324 155166
1449022383 155166
1449022411 155166
1449022462 155166
1449037798 155166
1449041287 155166
1449041565 155166
1449043020 155203
1449043148 155203
1449048831 155204
1449051372 155204
1449052498 155204
1449052511 155204
1449054073 155204
1449055244 155204
1449056655 155199
1449064854 155225
1449069152 155223
1449077040 155328
1449077076 155329
1449082696 155329
1449082729 155329
1449142599 155329
1449144911 155331
1449144969 155333
1449145855 155333
1449145883 155333
1449148974 155412
1449149144 155423
1449149578 155429
1449149669 155430
1449149886 155431
1449149911 155431
1449164079 155431
1449199436 155458
1449199726 155464
1449205417 155467
1449205458 155164
1449205903 155163
1449229019 155863
1449322256 155193
1449322337 155194
1449330176 155194
1449354826 155826
1449369894 155857
1449398570 155826
1449433754 155824
1449434692 155825
1449438365 155824
1449440058 155832
1449441193 155833
1449442318 155834
1449446650 155838
1449448255 155836
1449529832 155834
1449530090 155864
1449531198 155864
1449537026 155922
1449551952 155919
1449559484 155919
1449559544 155919
1449659233 155919
1449675535 155924
1449722217 155927
1449791984 155927
1449796824 155927
1449876561 155933
1449997513 155961
1449998255 155961
1450078053 156275
1450078080 156276
1450078152 156276
1450078213 156278
1450078360 156279
1450078738 156298
1450078798 156301
1450078835 156306
1450079427 156306
1450079842 156305
1450081066 156309
1450227687 156310
1450227823 156311
1450227943 156318
1450228157 156322
1450263504 156325
1450272691 156325
1450313777 156710
1450314034 156687
1450314461 156689
1450314526 156658
1450314932 156627
1450335855 156710
1450351361 156361
1450351459 156361
1450585669 156363
1450596643 156362
1450759309 156428
1450830456 156433
1450830501 154599
1450992320 154616
1450999960 154614
1451101329 152907
1451101345 152907
1451230664 152916
1451290288 152889
1451295123 152889
1451371035 152887
1451534195 152887
1451554033 152857
1451554054 152857
1451556409 152857
1451604431 157894
1451647190 152858
1451651563 152859
1451652222 152936
1451652421 152957
1451809478 152766
1451809503 152766
1451813452 156710
1451823903 156711
1451844842 156714
1452045016 156739
1452048532 156689
1452056296 156687
1452056320 156687
1452066440 156629
1452066518 156629
1452078289 156683
1452092166 156683
1452092329 156683
1452094645 156683
1452129081 156712
1452129106 156723
1452129339 156728
1452134049 156728
1452151688 156728
1452173502 157053
1452173538 157064
1452219436 157065
1452219486 157035
1452222592 157100
1452222613 157100
1452247439 157049
1452258744 157103
1452259099 157103
1452298176 157076
1452298200 157076
1452318290 157076
1452368485 156981
1452371867 157049
1452388179 156927
1452388199 156927
1452389343 156982
1452420307 156955
1452422645 156982
1452435379 157002
1452444803 156999
1452445469 156999
1452494636 156971
1452515112 156966
1452555493 157711
1452555954 157529
1452556031 157719
1452560591 157534
1452567164 157854
1452588247 157702
1452588274 157702
1452589576 157498
1452634857 157700
1452636764 157700
1452640574 157710
1452667461 157749
1452675700 157710
1452675860 157710
1452716390 157711
1452778771 157719
1452778835 157719
1452871722 157719
1452938141 157719
1452938168 157719
1453066492 157749
1453066580 157749
1453259492 157749
1453259513 157749
1453268191 157745
1453268235 157745
1453268608 157854
1453322430 157854
1453322711 157854
1453358581 157854
1453431241 157841
1453471629 157945
1453549246 157952
1453557932 158027
1453558346 157995
1453583508 157952
1453863315 157856
1453863593 157857
1453887832 157857
1453887847 157857
1453888134 157857
1454011945 157857
1454012124 157857
1454064404 157834
1454064510 157834
1454219818 157845
1454226302 157907
1454289941 157905
1454298589 157907
1454299696 157908
1454304561 157963
1454312541 158049
1454314977 157486
1454317538 157529
1454317630 157529
1454323732 157595
1454497987 157595
1454498048 157595
1454964374 157611
1454965192 157611
1454965447 157611
1455030400 157611
1455030420 157611
1455030669 157611
1455218138 157641
1455218172 157652
1455288467 157652
1455288869 157652
1455401733 157686
1455401760 157697
1455422793 157693
1455422813 157693
1455572286 157693
1455572467 157693
1455575960 157692
1455575989 157692
